
bad_glow_000|803|1096|99|99
bad_glow_001|904|1096|99|99
bad_glow_002|1005|1096|99|99
bad_glow_003|1071|1328|99|99
bad_glow_004|1172|1328|99|99
bad_glow_005|1347|1334|99|99
bad_glow_006|1448|1350|99|99
bad_glow_007|1347|1435|99|99
bad_glow_008|1071|1429|99|99
bad_glow_009|1172|1429|99|99
bad_glow_010|965|1443|99|99
bad_glow_011|1066|1530|99|99
bad_glow_012|1167|1530|99|99
bad_glow_013|724|1519|99|99
bad_glow_014|825|1519|99|99
bad_glow_015|926|1544|99|99
bad_glow_016|724|1620|99|99
bad_glow_017|825|1620|99|99
bad_glow_018|1549|1441|99|99
bad_glow_019|1448|1451|99|99
cometParticle|1992|232|31|31
death_000|1605|1|239|238
death_001|1605|241|239|238
death_002|1605|481|239|238
death_003|1605|721|239|238
death_004|1605|961|239|238
death_005|1|483|239|238
death_006|242|483|239|238
death_007|483|483|239|238
death_008|1|1279|239|238
death_009|1|1519|239|238
death_010|1|1759|239|238
death_011|242|1279|239|238
death_012|242|1519|239|238
death_013|242|1759|239|238
death_014|483|1279|239|238
death_015|483|1519|239|238
death_016|483|1759|239|238
death_017|724|1279|239|238
death_018|1173|965|239|238
death_019|1594|1201|239|238
gameover|1|1|800|480
glow-bianco|1846|191|144|13
glow-omino|1846|1|188|188
glow-rosso|1846|206|144|13
glow-terra-omino|1846|221|144|13
good_glow_000|1952|265|74|74
good_glow_001|1952|341|74|74
good_glow_002|1952|417|74|74
good_glow_003|1952|493|74|74
good_glow_004|1952|569|74|74
good_glow_005|1952|645|74|74
good_glow_006|1952|721|74|74
good_glow_007|1952|797|74|74
good_glow_008|1952|873|74|74
good_glow_009|1952|949|74|74
good_glow_010|1952|1025|74|74
good_glow_011|1952|1101|74|74
good_glow_012|1952|1177|74|74
good_glow_013|724|483|74|74
good_glow_014|724|559|74|74
good_glow_015|724|635|74|74
good_glow_016|724|711|74|74
good_glow_017|803|1201|74|74
good_glow_018|879|1201|74|74
good_glow_019|955|1201|74|74
incipitbg|803|1|800|480
jump_000|803|965|72|129
jump_001|877|965|72|129
jump_002|951|965|72|129
jump_003|1025|965|72|129
jump_004|1099|965|72|129
jump_005|1520|965|72|129
jump_006|1520|1096|72|129
jump_007|1273|1328|72|129
jump_008|1273|1459|72|129
jump_009|1347|1536|72|129
jump_010|1268|1590|72|129
jump_011|1650|1441|72|129
jump_012|1549|1542|72|129
jump_013|1724|1441|72|129
jump_014|1421|1552|72|129
jump_015|1342|1667|72|129
jump_016|1798|1466|72|129
jump_017|1623|1572|72|129
jump_018|1697|1572|72|129
jump_019|1495|1673|72|129
manina|1992|191|39|39
menuBackground|1|797|800|480
rewardArgento|1|723|63|63
rewardBronzo|66|723|63|63
rewardOro|131|723|63|63
run_000|1846|236|104|121
run_001|1846|359|104|121
run_002|1846|482|104|121
run_003|1846|605|104|121
run_004|1846|728|104|121
run_005|1846|851|104|121
run_006|1846|974|104|121
run_007|1846|1097|104|121
run_008|1031|1197|104|121
run_009|1414|965|104|121
run_010|1414|1088|104|121
run_011|1835|1220|104|121
run_012|1941|1253|104|121
run_013|1835|1343|104|121
run_014|1941|1376|104|121
run_015|1137|1205|104|121
run_016|1243|1205|104|121
run_017|1349|1211|104|121
run_018|1455|1227|104|121
run_019|965|1320|104|121
scorebg|803|483|800|480